GNB	BdisA_Bal	Bdis	12767	0	9604	0	1451	0	7857	0
GNB	BdisA_Bal	BdisA_Bal	578	10.295630140987	337	10.295630140987	185	14.212670403551895	730	14.177446878757825
GNB	BdisA_Bal	BdisA	1349	0	993	0	133	0	806	0
GNB	BdisA_Bal	BdisT	13053	0	9505	0	1656	0	7486	0
GNB	BdisA_Bal	BdisT_Bal	5834	0	3308	0	2065	0	7077	0
GNB	BdisA	Osat_Bal	10411	0	4269	0	6545	0	8135	0
GNB	BdisA	Osat	10562	0	4118	0	9482	0	11290	0
GNB	BdisA	Bdis_Bal	6578	0	2730	0	2574	0	6734	0
GNB	BdisA	Bdis	14689	0	7682	0	2097	0	7211	0
GNB	BdisA	BdisA_Bal	633	0	289	0	259	0	652	0
SVC	Osat	Osat	800	65.00769185258002	667	65.00769185258002	414	25.019992006393608	1662	24.979991993593593
GNB	BdisA	BdisA	1551	44.598206241955516	812	44.710177812216315	201	13.152946437965905	715	13.19090595827292
GNB	BdisA	BdisT	15212	0	7346	0	2379	0	6763	0
GNB	BdisA	BdisT_Bal	6652	0	2490	0	2849	0	6293	0
GNB	BdisT	Osat_Bal	10180	0	4500	0	6608	0	8072	0
GNB	BdisT	Osat	10328	0	4352	0	9555	0	11217	0
GNB	BdisT	Bdis_Bal	6224	0	3084	0	2659	0	6649	0
GNB	BdisT	Bdis	13988	0	8383	0	2225	0	7083	0
GNB	BdisT	BdisA_Bal	6172	0	2990	0	2577	0	6585	0
GNB	BdisT	BdisA	14810	0	8838	0	2107	0	7055	0
GNB	BdisT	BdisT	1486	51.29327441292864	769	51.01960407529639	212	13.856406460551018	701	13.96424004376894
SVC	Osat	Bdis_Bal	4567	0	4741	0	1163	0	8145	0
GNB	BdisT	BdisT_Bal	639	0	289	0	270	0	631	0
GNB	BdisT_Bal	Osat_Bal	8958	0	5722	0	5380	0	9300	0
GNB	BdisT_Bal	Osat	9159	0	5521	0	7877	0	12895	0
GNB	BdisT_Bal	Bdis_Bal	5505	0	3803	0	1896	0	7412	0
GNB	BdisT_Bal	Bdis	12113	0	10258	0	1504	0	7804	0
GNB	BdisT_Bal	BdisA_Bal	5433	0	3729	0	1842	0	7320	0
GNB	BdisT_Bal	BdisA	12714	0	10934	0	1429	0	7733	0
GNB	BdisT_Bal	BdisT	1265	0	983	0	147	0	775	0
GNB	BdisT_Bal	BdisT_Bal	577	24.08318915758459	336	24.289915602982237	188	14.730919862656235	725	14.832396974191326
RFT	Osat_Bal	Osat_Bal	1023	31.464265445104548	444	31.464265445104548	446	12.206555615733702	1021	12.206555615733702
SVC	Osat	Bdis	9722	0	12649	0	782	0	8526	0
RFT	Osat_Bal	Osat	1373	0	98	0	361	0	1714	0
RFT	Osat_Bal	Bdis_Bal	7092	0	2216	0	4025	0	5283	0
RFT	Osat_Bal	Bdis	15642	0	6729	0	3271	0	6037	0
RFT	Osat_Bal	BdisA_Bal	6660	0	2502	0	3813	0	5349	0
RFT	Osat_Bal	BdisA	16059	0	7589	0	3220	0	5942	0
RFT	Osat_Bal	BdisT	14057	0	8501	0	2731	0	6411	0
RFT	Osat_Bal	BdisT_Bal	6364	0	2778	0	3672	0	5470	0
RFT	Osat	Osat_Bal	1175	0	285	0	60	0	1416	0
RFT	Osat	Osat	825	26.94438717061496	642	26.94438717061496	385	44.73253849269008	1691	44.81071300481616
RFT	Osat	Bdis_Bal	5744	0	3564	0	2196	0	7112	0
SVC	Osat	BdisA_Bal	4569	0	4593	0	1211	0	7951	0
RFT	Osat	Bdis	12012	0	10359	0	1469	0	7839	0
RFT	Osat	BdisA_Bal	5571	0	3591	0	2211	0	6951	0
RFT	Osat	BdisA	11787	0	11861	0	1406	0	7756	0
RFT	Osat	BdisT	9651	0	12907	0	1175	0	7967	0
RFT	Osat	BdisT_Bal	4507	0	4635	0	1526	0	7616	0
RFT	Bdis_Bal	Osat_Bal	10244	0	4436	0	5982	0	8698	0
RFT	Bdis_Bal	Osat	10419	0	4261	0	8580	0	12192	0
RFT	Bdis_Bal	Bdis_Bal	716	17.916472867168917	214	17.86057109949175	184	11.661903789690601	746	11.40175425099138
RFT	Bdis_Bal	Bdis	1582	0	635	0	79	0	872	0
RFT	Bdis_Bal	BdisA_Bal	7430	0	1732	0	950	0	8212	0
SVC	Osat	BdisA	10204	0	13444	0	814	0	8348	0
RFT	Bdis_Bal	BdisA	15693	0	7955	0	783	0	8379	0
RFT	Bdis_Bal	BdisT	16597	0	5961	0	1946	0	7196	0
RFT	Bdis_Bal	BdisT_Bal	7275	0	1867	0	2285	0	6857	0
RFT	Bdis	Osat_Bal	13029	0	1651	0	9852	0	4828	0
RFT	Bdis	Osat	12969	0	1711	0	13739	0	7033	0
RFT	Bdis	Bdis_Bal	938	0	15	0	649	0	260	0
RFT	Bdis	Bdis	1986	18.0	250	18.027756377319946	387	16.186414056238647	543	16.09347693943108
RFT	Bdis	BdisA_Bal	8982	0	180	0	7003	0	2159	0
RFT	Bdis	BdisA	23017	0	631	0	5452	0	3710	0
RFT	Bdis	BdisT	21033	0	1525	0	4885	0	4257	0
SVC	Osat	BdisT	9523	0	13035	0	1009	0	8133	0
RFT	Bdis	BdisT_Bal	8559	0	583	0	5682	0	3460	0
RFT	BdisA_Bal	Osat_Bal	10266	0	4414	0	5890	0	8790	0
RFT	BdisA_Bal	Osat	10334	0	4346	0	8464	0	12308	0
RFT	BdisA_Bal	Bdis_Bal	7458	0	1850	0	896	0	8412	0
RFT	BdisA_Bal	Bdis	15655	0	6716	0	972	0	8336	0
RFT	BdisA_Bal	BdisA_Bal	692	14.866068747318506	223	15.033296378372908	180	10.63014581273465	735	10.677078252031311
RFT	BdisA_Bal	BdisA	1620	0	722	0	58	0	881	0
RFT	BdisA_Bal	BdisT	16640	0	5918	0	2090	0	7052	0
RFT	BdisA_Bal	BdisT_Bal	7287	0	1855	0	2396	0	6746	0
RFT	BdisA	Osat_Bal	13035	0	1645	0	9800	0	4880	0
SVC	Osat	BdisT_Bal	4298	0	4844	0	1353	0	7789	0
RFT	BdisA	Osat	13020	0	1660	0	13825	0	6947	0
RFT	BdisA	Bdis_Bal	8886	0	422	0	4619	0	4689	0
RFT	BdisA	Bdis	20957	0	1414	0	2141	0	7167	0
RFT	BdisA	BdisA_Bal	913	0	9	0	658	0	253	0
RFT	BdisA	BdisA	2123	35.4682957019364	241	35.679125549822544	403	21.071307505705477	512	21.118712081942874
RFT	BdisA	BdisT	21230	0	1328	0	5271	0	3871	0
RFT	BdisA	BdisT_Bal	8691	0	451	0	6237	0	2905	0
RFT	BdisT	Osat_Bal	14088	0	592	0	12964	0	1716	0
RFT	BdisT	Osat	14070	0	610	0	18285	0	2487	0
RFT	BdisT	Bdis_Bal	9051	0	257	0	7291	0	2017	0
SVC	Bdis_Bal	Osat_Bal	10480	0	4200	0	5861	0	8819	0
RFT	BdisT	Bdis	21703	0	668	0	6302	0	3006	0
RFT	BdisT	BdisA_Bal	8932	0	230	0	7081	0	2081	0
RFT	BdisT	BdisA	22961	0	687	0	5919	0	3243	0
RFT	BdisT	BdisT	2003	32.863353450309965	252	33.18132004607411	443	19.924858845171276	470	19.77371993328519
RFT	BdisT	BdisT_Bal	887	0	41	0	399	0	502	0
RFT	BdisT_Bal	Osat_Bal	12376	0	2304	0	10034	0	4646	0
RFT	BdisT_Bal	Osat	12470	0	2210	0	14194	0	6578	0
RFT	BdisT_Bal	Bdis_Bal	8155	0	1153	0	4050	0	5258	0
RFT	BdisT_Bal	Bdis	19009	0	3362	0	4053	0	5255	0
RFT	BdisT_Bal	BdisA_Bal	8045	0	1117	0	3691	0	5471	0
SVC	Bdis_Bal	Osat	10800	0	3880	0	8776	0	11996	0
RFT	BdisT_Bal	BdisA	20010	0	3638	0	3934	0	5228	0
RFT	BdisT_Bal	BdisT	1628	0	620	0	115	0	807	0
RFT	BdisT_Bal	BdisT_Bal	660	16.34013463836819	254	16.64331697709324	175	10.862780491200215	739	10.816653826391969
SVC	Bdis_Bal	Bdis_Bal	675	16.401219466856727	255	16.401219466856727	248	14.89966442575134	682	14.798648586948742
SVC	Osat_Bal	Osat_Bal	992	53.95368384086484	475	53.95368384086484	463	23.62202362203543	1004	23.62202362203543
SVC	Bdis_Bal	Bdis	1486	0	731	0	202	0	749	0
SVC	Bdis_Bal	BdisA_Bal	6405	0	2757	0	2415	0	6747	0
SVC	Bdis_Bal	BdisA	15108	0	8540	0	1872	0	7290	0
SVC	Bdis_Bal	BdisT	13658	0	8900	0	2199	0	6943	0
SVC	Bdis_Bal	BdisT_Bal	6045	0	3097	0	2830	0	6312	0
SVC	Bdis	Osat_Bal	13265	0	1415	0	9525	0	5155	0
SVC	Bdis	Osat	13424	0	1256	0	13919	0	6853	0
SVC	Bdis	Bdis_Bal	880	0	73	0	535	0	374	0
SVC	Bdis	Bdis	1964	25.13961017995307	273	25.15949125081825	468	15.297058540778355	462	15.165750888103101
SVC	Bdis	BdisA_Bal	8368	0	794	0	5725	0	3437	0
SVC	Osat_Bal	Osat	1053	0	418	0	704	0	1371	0
SVC	Bdis	BdisA	20683	0	2965	0	4784	0	4378	0
SVC	Bdis	BdisT	21034	0	1524	0	7679	0	1463	0
SVC	Bdis	BdisT_Bal	8676	0	466	0	8055	0	1087	0
SVC	BdisA_Bal	Osat_Bal	10194	0	4486	0	5682	0	8998	0
SVC	BdisA_Bal	Osat	10518	0	4162	0	8426	0	12346	0
SVC	BdisA_Bal	Bdis_Bal	6571	0	2737	0	2180	0	7128	0
SVC	BdisA_Bal	Bdis	14276	0	8095	0	1650	0	7658	0
SVC	BdisA_Bal	BdisA_Bal	636	12.767145334803704	279	12.767145334803704	220	16.911534525287763	695	16.73320053068151
SVC	BdisA_Bal	BdisA	1493	0	849	0	162	0	777	0
SVC	BdisA_Bal	BdisT	13662	0	8896	0	1960	0	7182	0
SVC	Osat_Bal	Bdis_Bal	6268	0	3040	0	2530	0	6778	0
SVC	BdisA_Bal	BdisT_Bal	6070	0	3072	0	2483	0	6659	0
SVC	BdisA	Osat_Bal	13861	0	819	0	11311	0	3369	0
SVC	BdisA	Osat	13992	0	688	0	16486	0	4286	0
SVC	BdisA	Bdis_Bal	8827	0	481	0	6866	0	2442	0
SVC	BdisA	Bdis	20560	0	1811	0	6013	0	3295	0
SVC	BdisA	BdisA_Bal	884	0	38	0	695	0	216	0
SVC	BdisA	BdisA	2179	30.773365106858236	185	31.016124838541646	601	18.76166303929372	314	18.681541692269406
SVC	BdisA	BdisT	21483	0	1075	0	7865	0	1277	0
SVC	BdisA	BdisT_Bal	8812	0	330	0	8170	0	972	0
SVC	BdisT	Osat_Bal	14250	0	430	0	13150	0	1530	0
SVC	Osat_Bal	Bdis	13480	0	8891	0	1885	0	7423	0
SVC	BdisT	Osat	14322	0	358	0	18859	0	1913	0
SVC	BdisT	Bdis_Bal	8971	0	337	0	8249	0	1059	0
SVC	BdisT	Bdis	21325	0	1046	0	7930	0	1378	0
SVC	BdisT	BdisA_Bal	8824	0	338	0	8147	0	1015	0
SVC	BdisT	BdisA	22549	0	1099	0	7715	0	1447	0
SVC	BdisT	BdisT	2139	28.35489375751565	116	28.6705423736629	734	14.422205101855956	180	14.247806848775006
SVC	BdisT	BdisT_Bal	896	0	32	0	801	0	100	0
SVC	BdisT_Bal	Osat_Bal	9393	0	5287	0	5369	0	9311	0
SVC	BdisT_Bal	Osat	9620	0	5060	0	7953	0	12819	0
SVC	BdisT_Bal	Bdis_Bal	5870	0	3438	0	2116	0	7192	0
SVC	Osat_Bal	BdisA_Bal	6133	0	3029	0	2580	0	6582	0
SVC	BdisT_Bal	Bdis	12767	0	9604	0	1647	0	7661	0
SVC	BdisT_Bal	BdisA_Bal	5893	0	3269	0	2055	0	7107	0
SVC	BdisT_Bal	BdisA	13362	0	10286	0	1544	0	7618	0
SVC	BdisT_Bal	BdisT	1395	0	853	0	155	0	767	0
SVC	BdisT_Bal	BdisT_Bal	620	19.949937343260004	293	20.223748416156685	217	16.34013463836819	696	16.278820596099706
GNB	Osat_Bal	Osat_Bal	893	59.648973168026956	574	59.648973168026956	485	21.283796653792763	982	21.283796653792763
GNB	Osat_Bal	Osat	944	0	527	0	694	0	1381	0
GNB	Osat_Bal	Bdis_Bal	5484	0	3824	0	1889	0	7419	0
GNB	Osat_Bal	Bdis	12162	0	10209	0	1500	0	7808	0
GNB	Osat_Bal	BdisA_Bal	5365	0	3797	0	1902	0	7260	0
SVC	Osat_Bal	BdisA	14160	0	9488	0	1879	0	7283	0
GNB	Osat_Bal	BdisA	12723	0	10925	0	1504	0	7658	0
GNB	Osat_Bal	BdisT	12731	0	9827	0	1917	0	7225	0
GNB	Osat_Bal	BdisT_Bal	5625	0	3517	0	2347	0	6795	0
GNB	Osat	Osat_Bal	817	0	643	0	427	0	1049	0
GNB	Osat	Osat	882	62.976185975335156	585	62.976185975335156	665	42.60281680828159	1411	42.532340636273474
GNB	Osat	Bdis_Bal	5260	0	4048	0	1684	0	7624	0
GNB	Osat	Bdis	11563	0	10808	0	1300	0	8008	0
GNB	Osat	BdisA_Bal	5120	0	4042	0	1677	0	7485	0
GNB	Osat	BdisA	12065	0	11583	0	1288	0	7874	0
GNB	Osat	BdisT	12179	0	10379	0	1699	0	7443	0
SVC	Osat_Bal	BdisT	13211	0	9347	0	2373	0	6769	0
GNB	Osat	BdisT_Bal	5375	0	3767	0	2080	0	7062	0
GNB	Bdis_Bal	Osat_Bal	9350	0	5330	0	5395	0	9285	0
GNB	Bdis_Bal	Osat	9555	0	5125	0	7944	0	12828	0
GNB	Bdis_Bal	Bdis_Bal	583	19.570385790780925	347	19.77371993328519	187	8.48528137423857	743	8.306623862918075
GNB	Bdis_Bal	Bdis	1301	0	916	0	150	0	801	0
GNB	Bdis_Bal	BdisA_Bal	5793	0	3369	0	1859	0	7303	0
GNB	Bdis_Bal	BdisA	13443	0	10205	0	1393	0	7769	0
GNB	Bdis_Bal	BdisT	12958	0	9600	0	1677	0	7465	0
GNB	Bdis_Bal	BdisT_Bal	5800	0	3342	0	2067	0	7075	0
GNB	Bdis	Osat_Bal	10433	0	4247	0	6486	0	8194	0
SVC	Osat_Bal	BdisT_Bal	5849	0	3293	0	2963	0	6179	0
GNB	Bdis	Osat	10597	0	4083	0	9410	0	11362	0
GNB	Bdis	Bdis_Bal	694	0	259	0	245	0	664	0
GNB	Bdis	Bdis	1456	33.2264954516723	780	33.13608305156178	205	8.94427190999916	725	8.94427190999916
GNB	Bdis	BdisA_Bal	6462	0	2700	0	2489	0	6673	0
GNB	Bdis	BdisA	15386	0	8262	0	1978	0	7184	0
GNB	Bdis	BdisT	14999	0	7559	0	2364	0	6778	0
GNB	Bdis	BdisT_Bal	6567	0	2575	0	2804	0	6338	0
GNB	BdisA_Bal	Osat_Bal	9265	0	5415	0	5373	0	9307	0
GNB	BdisA_Bal	Osat	9477	0	5203	0	7875	0	12897	0
GNB	BdisA_Bal	Bdis_Bal	5823	0	3485	0	1865	0	7443	0
SVC	Osat	Osat_Bal	727	0	733	0	264	0	1212	0
